115 79 81
115 79 81
92 130 103
174 196 176
21 30 24
210 232 212
85 111 98
53 65 43
66 106 70
90 129 92
115 79 81
19 9 9
160 152 149
20 56 34
51 48 50
13 15 22
198 230 198
152 183 148
230 235 212
47 62 54
52 75 69
32 48 28
59 94 74
112 150 118
79 120 100

183 156 176
152 192 234
251 218 230
57 87 127
236 204 180
131 138 216
53 64 93
57 32 32
276 266 245
164 134 86
52 62 108
150 141 166
197 164 134
79 73 107
92 120 137
213 241 348
97 91 131
238 244 351
257 256 321
247 283 360
420 416 443
75 95 160
74 94 143
240 228 293
294 329 402
41 67 21
287 285 265
17 15 21
153 151 216
234 231 304
24 35 56
226 271 345
474 480 539
217 219 289
152 192 234
9 7 10
141 183 260
364 340 357
274 260 318
211 179 194
105 105 143
148 137 147
399 403 499
23 40 45
75 95 160
288 272 292
345 319 333
24 20 30
151 171 223
435 439 490
215 243 318
68 38 87
169 144 109
3 11 3
132 141 210
77 50 85
190 197 265
103 100 102
93 93 129
658 614 704
319 314 408
34 45 42
120 131 61

352 346 286
215 237 134
39 151 83
318 325 261
372 490 340
105 135 95
694 748 533
238 325 198
827 901 637
541 505 440
244 243 212
485 593 378
463 427 377
384 492 348
67 61 66
321 445 238
182 129 134
44 36 28
259 327 186
376 356 325
181 260 125
491 588 373
4 28 10
321 445 238
87 62 72
171 277 137
131 149 114
282 349 198
309 310 243
305 312 257
96 81 41
735 797 582
131 166 156
655 758 513
238 235 193
172 276 141
27 31 24
66 69 39
473 427 361
120 113 71
441 451 356
708 769 568
376 367 304
732 814 561
447 566 361
194 141 145
644 754 500
116 217 111
179 138 131
561 661 447
83 42 55
190 216 140
211 219 161
45 108 54
88 132 87
291 393 218
369 414 310
269 227 205
232 364 179
36 54 57
231 283 154
230 231 193
448 432 372
373 362 311
151 200 166
539 656 421
716 768 550
231 247 212
463 550 331
56 99 54
112 225 105
41 39 22
182 207 125
52 167 84
686 735 552
171 144 106
518 682 411
332 464 327
318 430 244
56 33 47
756 838 596
203 228 132
166 191 122
113 100 105
291 407 220
133 232 118
755 856 589
292 384 217
225 237 191
120 213 126
57 60 16
175 215 105
516 537 421
107 88 73
88 91 75
83 132 70
373 506 277
176 142 147
172 215 102
307 347 262
62 62 35
211 229 189
412 408 363
289 286 244
24 71 29
138 232 121
589 665 467
464 569 369
562 708 459
194 295 152
499 445 387
415 391 322
61 133 75
395 472 326
22 16 20
355 424 240
282 268 228
263 379 196
109 124 94
223 255 208
66 52 36
369 414 310
184 259 126
29 61 35
122 156 74
760 838 605
56 121 67
377 421 299
390 389 317
500 596 403
306 301 251
166 184 104
129 155 103
321 296 256
36 30 32
221 246 185
414 536 340
45 32 36
138 103 85
37 37 55
369 495 278
603 733 487
471 605 402
374 503 335
307 415 232
521 603 413
412 390 321
91 60 53
452 550 316
169 184 82
580 595 484
303 306 268
270 343 196
55 59 28
151 200 166
412 408 363
550 655 431
179 138 131
158 177 145
317 323 249
240 318 177
608 754 502
7 2 9
339 423 299
478 595 395
24 24 35
499 565 417
172 215 102
337 339 268
615 700 471
172 196 161
281 242 207
424 484 364
143 128 108
460 565 387
457 498 388
359 394 307
99 118 66
9 21 21
208 298 157
622 677 489
190 266 159
94 76 61
265 288 227
449 455 361
279 288 247

276 258 333
439 384 409
252 205 212
400 411 443
265 296 334
162 124 158
111 118 146
365 383 415
563 555 587
179 126 118
130 104 109
205 154 147
44 41 50
318 359 378
271 215 244
410 341 398
229 246 291
261 211 254
47 43 54
397 350 415
223 216 277
337 280 338
480 429 489
63 55 88
406 356 379
195 155 174
44 57 40
146 139 149
640 615 641
56 43 68
440 362 429
174 131 140
251 232 260
167 158 218
383 321 380
70 74 46
222 222 279
104 119 111
208 167 176
409 393 454
124 125 187
61 46 86
104 119 111
71 61 42
153 131 122
277 230 250
196 178 213
173 153 165
221 166 182
276 232 251
140 148 196
149 137 152
13 19 20
181 129 121
506 455 508
67 55 107
32 50 64
180 153 171
259 243 273
471 438 502
26 18 13
72 72 42
482 411 473
70 57 48
280 259 346
33 17 14
177 155 170
129 99 77
448 410 470
478 413 498
490 430 515
75 49 81
140 167 157
395 375 438
438 398 465
424 367 454
302 242 247
247 297 288
262 301 304
93 64 76
396 425 423
366 351 417
224 173 197
104 98 122
112 103 79
519 479 533
193 168 174
170 155 156
29 31 42
212 187 202
52 31 32
14 14 15
105 86 110
20 14 16
231 187 185
146 109 116
488 420 513
486 421 493
143 170 136
107 120 93
43 33 31
173 171 240
260 211 237
316 351 369
431 445 458
295 332 355
312 247 255
180 186 224
208 253 219
323 314 370
319 263 275
370 333 409
141 145 178
128 101 88
38 44 28
4 16 10
117 142 114
37 23 24
224 200 255
317 300 351
96 79 80
498 443 501
624 613 625
255 216 218
590 544 589
254 232 290
34 33 25
390 395 434
20 27 65
400 376 442
109 75 67
385 390 442
163 124 102
112 103 79
126 144 103
52 42 35
15 2 5
16 19 15
57 27 35
39 38 53
198 170 181
23 20 11
371 323 432
173 216 147
151 134 157
51 20 32
298 283 322
324 282 302
200 194 230
301 270 343
220 184 245
174 131 140
81 90 48
151 139 203
208 184 202
138 110 116
666 643 670
118 132 130
455 465 510
69 66 88
226 215 243
425 355 388
52 42 35
298 250 269
26 18 29
281 253 292
212 187 202

59 40 35
212 161 185
72 73 79
137 111 121
69 54 71
25 41 39
3 19 2
36 39 53
226 202 206
47 38 47
49 37 56
217 168 184
140 132 130
140 135 120
87 71 77
18 4 18
154 117 136
71 54 69
36 23 29
25 11 20
173 125 150
75 83 90
22 18 23
52 42 35
61 42 38
250 208 226
156 120 133
168 133 134
185 160 165
203 181 194
67 55 57
50 28 33
6 3 6
71 54 69
259 214 234
18 17 6
245 228 227
71 52 43
36 39 53
25 41 39
125 95 96
115 81 87
158 125 146
75 67 73
45 28 35
18 14 0
50 42 51
105 93 107
36 21 24
27 24 17
11 14 5
234 197 221
61 42 38
90 64 74
49 23 33
235 198 214
25 41 39
49 23 33
36 31 6
79 53 86
74 54 69
122 121 137
203 181 194
28 60 43
61 72 71
174 139 131
22 18 23
82 89 114
230 188 224
87 71 77
105 93 107
209 158 193
42 38 42
183 136 166
152 112 127
179 158 177
97 80 98
252 200 234
43 37 30
183 136 166
108 67 87
45 56 48
2 6 19
120 112 129
80 83 95
203 173 182
63 64 54
172 147 166
95 69 62
42 42 59
137 99 110
18 49 27
71 89 96
122 86 93
81 58 58
131 108 115
29 14 1
160 131 141
167 142 152
43 29 53
173 155 171
17 6 15
67 40 69
11 14 5
268 211 239
27 24 17
104 101 100
219 167 184
156 119 135
201 171 170
97 95 100
228 192 214
83 65 60
157 119 129
69 54 71
136 124 138
93 80 90
29 14 1
155 113 110
97 80 98
26 40 21
164 128 152
55 67 64
61 50 73
61 59 83
52 42 35
209 156 168
230 188 224
42 47 56
158 125 146
142 118 124
124 88 94
278 240 255
294 251 260
51 34 50
43 42 41
200 162 169
46 34 45
138 128 140
223 183 204
272 235 248
152 148 137
45 37 34
156 120 133
209 156 168
130 96 109
53 40 69
69 83 77
55 67 64
19 8 14
107 75 93
27 7 21
181 161 172
156 125 131
85 68 74
193 177 197
55 67 64
75 67 73
105 93 107
134 127 123
36 31 30
198 166 191
21 30 31
294 251 260
205 147 185
173 155 171
81 59 41
91 90 93
122 105 118
106 78 82
99 72 58
21 30 31
90 64 74
176 145 150
47 38 47
138 128 140
111 121 119
80 83 95
27 7 21
97 95 100
112 68 104
166 144 160
31 24 39
24 26 36
29 49 45
56 41 43
248 216 229
172 147 166
47 53 49
122 105 118
38 23 15
85 68 74
148 113 115
71 56 60
